# Blender v2.79 (sub 0) OBJ File: ''
# www.blender.org
mtllib shippope.mtl
o Cubo.003_Cubo.013
v -1.478975 0.942204 1.583960
v -1.478975 1.657069 1.583960
v 1.195430 0.942204 -1.743137
v 1.195430 1.657069 -1.743137
v -1.280950 0.942204 1.743137
v -1.280950 1.657069 1.743137
v 1.393454 0.942204 -1.583960
v 1.393454 1.657069 -1.583960
vn -0.7794 0.0000 -0.6265
vn 0.6265 0.0000 -0.7794
vn 0.7794 0.0000 0.6265
vn -0.6265 0.0000 0.7794
vn 0.0000 -1.0000 -0.0000
vn 0.0000 1.0000 -0.0000
usemtl marmol
s off
f 1//1 2//1 4//1 3//1
f 3//2 4//2 8//2 7//2
f 7//3 8//3 6//3 5//3
f 5//4 6//4 2//4 1//4
f 3//5 7//5 5//5 1//5
f 8//6 4//6 2//6 6//6
o Cubo.002_Cubo.013
v 3.673537 0.942204 1.745523
v 3.673537 1.657069 1.745523
v 1.005558 0.942204 -1.586728
v 1.005558 1.657069 -1.586728
v 3.871868 0.942204 1.586728
v 3.871868 1.657069 1.586728
v 1.203889 0.942204 -1.745523
v 1.203889 1.657069 -1.745523
vn -0.7806 0.0000 0.6250
vn -0.6250 0.0000 -0.7806
vn 0.7806 0.0000 -0.6250
vn 0.6250 0.0000 0.7806
vn 0.0000 -1.0000 0.0000
vn 0.0000 1.0000 0.0000
usemtl marmol
s off
f 9//7 10//7 12//7 11//7
f 11//8 12//8 16//8 15//8
f 15//9 16//9 14//9 13//9
f 13//10 14//10 10//10 9//10
f 11//11 15//11 13//11 9//11
f 16//12 12//12 10//12 14//12
o Cubo.001_Cubo.013
v 3.588220 -1.000000 1.685366
v 3.588220 1.000000 1.685366
v 1.012189 -1.000000 -1.532044
v 1.012189 1.000000 -1.532044
v 3.779716 -1.000000 1.532044
v 3.779716 1.000000 1.532044
v 1.203685 -1.000000 -1.685366
v 1.203685 1.000000 -1.685366
vn -0.7806 0.0000 0.6250
vn -0.6250 0.0000 -0.7806
vn 0.7806 0.0000 -0.6250
vn 0.6250 0.0000 0.7806
vn 0.0000 -1.0000 0.0000
vn 0.0000 1.0000 0.0000
usemtl marmol
s off
f 17//13 18//13 20//13 19//13
f 19//14 20//14 24//14 23//14
f 23//15 24//15 22//15 21//15
f 21//16 22//16 18//16 17//16
f 19//17 23//17 21//17 17//17
f 24//18 20//18 18//18 22//18
o Cubo_Cubo.013
v -1.386717 -1.000000 1.529371
v -1.386717 1.000000 1.529371
v 1.195517 -1.000000 -1.683062
v 1.195517 1.000000 -1.683062
v -1.195517 -1.000000 1.683062
v -1.195517 1.000000 1.683062
v 1.386717 -1.000000 -1.529371
v 1.386717 1.000000 -1.529371
vn -0.7794 0.0000 -0.6265
vn 0.6265 0.0000 -0.7794
vn 0.7794 0.0000 0.6265
vn -0.6265 0.0000 0.7794
vn 0.0000 -1.0000 0.0000
vn 0.0000 1.0000 0.0000
usemtl marmol
s off
f 25//19 26//19 28//19 27//19
f 27//20 28//20 32//20 31//20
f 31//21 32//21 30//21 29//21
f 29//22 30//22 26//22 25//22
f 27//23 31//23 29//23 25//23
f 32//24 28//24 26//24 30//24
