# Blender v2.79 (sub 0) OBJ File: ''
# www.blender.org
mtllib warehouse.mtl
o Box.007_Cubo.005
v -1.640827 1.120242 0.591940
v -1.640827 1.765035 0.591940
v -1.420186 1.120242 -0.013927
v -1.420186 1.765035 -0.013927
v -1.034960 1.120242 0.812582
v -1.034960 1.765035 0.812582
v -0.814318 1.120242 0.206714
v -0.814318 1.765035 0.206714
vn -0.9396 0.0000 -0.3422
vn 0.3422 0.0000 -0.9396
vn 0.9396 0.0000 0.3422
vn -0.3422 0.0000 0.9396
vn 0.0000 -1.0000 0.0000
vn 0.0000 1.0000 0.0000
usemtl Box
s off
f 1//1 2//1 4//1 3//1
f 3//2 4//2 8//2 7//2
f 7//3 8//3 6//3 5//3
f 5//4 6//4 2//4 1//4
f 3//5 7//5 5//5 1//5
f 8//6 4//6 2//6 6//6
o Cubo.191_Cubo.006
v -1.599925 1.733273 0.084691
v -1.599925 1.823940 0.084691
v -1.532845 1.733273 -0.099505
v -1.532845 1.823940 -0.099505
v -0.731611 1.733273 0.400909
v -0.731611 1.823940 0.400909
v -0.664532 1.733273 0.216713
v -0.664532 1.823940 0.216713
vn -0.9396 0.0000 -0.3422
vn 0.3422 0.0000 -0.9396
vn 0.9396 0.0000 0.3422
vn -0.3422 0.0000 0.9396
vn 0.0000 -1.0000 0.0000
vn 0.0000 1.0000 0.0000
usemtl Box
s off
f 9//7 10//7 12//7 11//7
f 11//8 12//8 16//8 15//8
f 15//9 16//9 14//9 13//9
f 13//10 14//10 10//10 9//10
f 11//11 15//11 13//11 9//11
f 16//12 12//12 10//12 14//12
o Cubo.190_Cubo.006
v -1.754458 1.617789 0.509029
v -1.785483 1.617489 0.594222
v -1.754679 1.813817 0.509637
v -1.785704 1.813518 0.594830
v -0.886144 1.617788 0.825247
v -0.917169 1.617489 0.910439
v -0.886366 1.813817 0.825855
v -0.917391 1.813518 0.911048
vn -0.9396 0.0000 -0.3422
vn -0.0011 1.0000 0.0031
vn 0.9396 0.0000 0.3422
vn 0.0011 -1.0000 -0.0031
vn 0.3422 0.0033 -0.9396
vn -0.3422 -0.0033 0.9396
usemtl Box
s off
f 17//13 18//13 20//13 19//13
f 19//14 20//14 24//14 23//14
f 23//15 24//15 22//15 21//15
f 21//16 22//16 18//16 17//16
f 19//17 23//17 21//17 17//17
f 24//18 20//18 18//18 22//18
o Cubo.189_Cubo.006
v -1.712933 1.817888 0.395005
v -1.712830 1.727222 0.394723
v -1.780012 1.817241 0.579200
v -1.779909 1.726575 0.578918
v -0.844619 1.817888 0.711222
v -0.844517 1.727221 0.710941
v -0.911698 1.817240 0.895417
v -0.911596 1.726574 0.895136
vn -0.9396 -0.0000 -0.3422
vn -0.3422 -0.0033 0.9396
vn 0.9396 -0.0000 0.3422
vn 0.3422 0.0033 -0.9396
vn -0.0011 1.0000 0.0031
vn 0.0011 -1.0000 -0.0031
usemtl Box
s off
f 25//19 26//19 28//19 27//19
f 27//20 28//20 32//20 31//20
f 31//21 32//21 30//21 29//21
f 29//22 30//22 26//22 25//22
f 27//23 31//23 29//23 25//23
f 32//24 28//24 26//24 30//24
o Cubo.188_Cubo.006
v -0.845368 1.043861 0.710950
v -0.844376 1.134523 0.710992
v -0.912441 1.044509 0.895147
v -0.911449 1.135170 0.895189
v -1.713634 1.053508 0.394749
v -1.712643 1.144169 0.394792
v -1.780707 1.054155 0.578946
v -1.779715 1.144816 0.578989
vn 0.9396 -0.0104 0.3422
vn -0.3422 0.0033 0.9396
vn -0.9396 0.0104 -0.3422
vn 0.3422 -0.0033 -0.9396
vn -0.0109 -0.9999 -0.0005
vn 0.0109 0.9999 0.0005
usemtl Box
s off
f 33//25 34//25 36//25 35//25
f 35//26 36//26 40//26 39//26
f 39//27 40//27 38//27 37//27
f 37//28 38//28 34//28 33//28
f 35//29 39//29 37//29 33//29
f 40//30 36//30 34//30 38//30
o Cubo.187_Cubo.006
v -0.884930 1.243950 0.825689
v -0.915953 1.244249 0.910882
v -0.887075 1.047932 0.825597
v -0.918097 1.048231 0.910790
v -1.753196 1.253597 0.509488
v -1.784219 1.253896 0.594682
v -1.755341 1.057578 0.509396
v -1.786363 1.057878 0.594590
vn 0.9396 -0.0104 0.3422
vn -0.0109 -0.9999 -0.0005
vn -0.9396 0.0104 -0.3422
vn 0.0109 0.9999 0.0005
vn 0.3422 -0.0033 -0.9396
vn -0.3422 0.0033 0.9396
usemtl Box
s off
f 41//31 42//31 44//31 43//31
f 43//32 44//32 48//32 47//32
f 47//33 48//33 46//33 45//33
f 45//34 46//34 42//34 41//34
f 43//35 47//35 45//35 41//35
f 48//36 44//36 42//36 46//36
o Cubo.186_Cubo.006
v -0.731530 1.128472 0.400938
v -0.732419 1.037810 0.400615
v -0.664451 1.128472 0.216743
v -0.665340 1.037810 0.216419
v -1.599796 1.138118 0.084738
v -1.600685 1.047456 0.084414
v -1.532717 1.138118 -0.099458
v -1.533606 1.047456 -0.099782
vn 0.9396 -0.0104 0.3422
vn 0.3422 0.0000 -0.9396
vn -0.9396 0.0104 -0.3422
vn -0.3422 -0.0000 0.9396
vn 0.0098 0.9999 0.0036
vn -0.0098 -0.9999 -0.0036
usemtl Box
s off
f 49//37 50//37 52//37 51//37
f 51//38 52//38 56//38 55//38
f 55//39 56//39 54//39 53//39
f 53//40 54//40 50//40 49//40
f 51//41 55//41 53//41 49//41
f 56//42 52//42 50//42 54//42
o Cubo.185_Cubo.006
v -0.661999 1.250475 0.213732
v -0.693024 1.250475 0.298925
v -0.663921 1.054456 0.213032
v -0.694947 1.054456 0.298225
v -1.530265 1.260121 -0.102468
v -1.561290 1.260121 -0.017275
v -1.532188 1.064102 -0.103169
v -1.563213 1.064102 -0.017975
vn 0.9396 -0.0104 0.3422
vn -0.0098 -0.9999 -0.0036
vn -0.9396 0.0104 -0.3422
vn 0.0098 0.9999 0.0036
vn 0.3422 0.0000 -0.9396
vn -0.3422 -0.0000 0.9396
usemtl Box
s off
f 57//43 58//43 60//43 59//43
f 59//44 60//44 64//44 63//44
f 63//45 64//45 62//45 61//45
f 61//46 62//46 58//46 57//46
f 59//47 63//47 61//47 57//47
f 64//48 60//48 58//48 62//48
o Cubo.184_Cubo.006
v -0.816008 1.823200 0.157647
v -0.847033 1.823200 0.242840
v -0.631815 1.824250 0.224725
v -0.662840 1.824250 0.309918
v -0.812134 1.053658 0.159058
v -0.843159 1.053658 0.244251
v -0.627942 1.054708 0.226136
v -0.658967 1.054708 0.311329
vn -0.0050 1.0000 -0.0018
vn 0.9396 0.0054 0.3422
vn 0.0050 -1.0000 0.0018
vn -0.9396 -0.0054 -0.3422
vn 0.3422 0.0000 -0.9396
vn -0.3422 -0.0000 0.9396
usemtl Box
s off
f 65//49 66//49 68//49 67//49
f 67//50 68//50 72//50 71//50
f 71//51 72//51 70//51 69//51
f 69//52 70//52 66//52 65//52
f 67//53 71//53 69//53 65//53
f 72//54 68//54 66//54 70//54
o Cubo.183_Cubo.006
v -0.769700 1.823792 0.387039
v -0.684508 1.824277 0.418064
v -0.702620 1.823792 0.202843
v -0.617429 1.824277 0.233868
v -0.765826 1.054249 0.388450
v -0.680635 1.054735 0.419474
v -0.698747 1.054249 0.204254
v -0.613555 1.054735 0.235278
vn -0.0050 1.0000 -0.0018
vn 0.3422 0.0000 -0.9396
vn 0.0050 -1.0000 0.0018
vn -0.3422 -0.0000 0.9396
vn -0.9396 -0.0054 -0.3422
vn 0.9396 0.0054 0.3422
usemtl Box
s off
f 73//55 74//55 76//55 75//55
f 75//56 76//56 80//56 79//56
f 79//57 80//57 78//57 77//57
f 77//58 78//58 74//58 73//58
f 75//59 79//59 77//59 73//59
f 80//60 76//60 74//60 78//60
o Cubo.182_Cubo.006
v -1.531590 1.611263 -0.102951
v -1.562615 1.611263 -0.017758
v -1.531590 1.807293 -0.102951
v -1.562615 1.807293 -0.017758
v -0.663277 1.611263 0.213267
v -0.694302 1.611263 0.298460
v -0.663277 1.807293 0.213267
v -0.694302 1.807293 0.298460
vn -0.9396 0.0000 -0.3422
vn 0.0000 1.0000 -0.0000
vn 0.9396 0.0000 0.3422
vn 0.0000 -1.0000 0.0000
vn 0.3422 0.0000 -0.9396
vn -0.3422 0.0000 0.9396
usemtl Box
s off
f 81//61 82//61 84//61 83//61
f 83//62 84//62 88//62 87//62
f 87//63 88//63 86//63 85//63
f 85//64 86//64 82//64 81//64
f 83//65 87//65 85//65 81//65
f 88//66 84//66 82//66 86//66
o Cubo.181_Cubo.006
v -1.032743 1.823229 0.771860
v -1.064050 1.823228 0.856950
v -0.848773 1.824279 0.839546
v -0.880080 1.824278 0.924636
v -1.028870 1.053687 0.773270
v -1.060176 1.053685 0.858361
v -0.844900 1.054737 0.840956
v -0.876207 1.054735 0.926047
vn -0.0050 1.0000 -0.0018
vn 0.9385 0.0054 0.3453
vn 0.0050 -1.0000 0.0018
vn -0.9385 -0.0054 -0.3453
vn 0.3453 0.0000 -0.9385
vn -0.3453 -0.0000 0.9385
usemtl Box
s off
f 89//67 90//67 92//67 91//67
f 91//68 92//68 96//68 95//68
f 95//69 96//69 94//69 93//69
f 93//70 94//70 90//70 89//70
f 91//71 95//71 93//71 89//71
f 96//72 92//72 90//72 94//72
o Cubo.180_Cubo.006
v -0.803202 1.824250 0.726307
v -0.888291 1.823765 0.695001
v -0.870890 1.824247 0.910280
v -0.955978 1.823761 0.878974
v -0.799329 1.054708 0.727717
v -0.884418 1.054222 0.696411
v -0.867017 1.054704 0.911690
v -0.952105 1.054219 0.880384
vn -0.0050 1.0000 -0.0018
vn -0.3453 -0.0000 0.9385
vn 0.0050 -1.0000 0.0018
vn 0.3453 0.0000 -0.9385
vn 0.9385 0.0054 0.3453
vn -0.9385 -0.0054 -0.3453
usemtl Box
s off
f 97//73 98//73 100//73 99//73
f 99//74 100//74 104//74 103//74
f 103//75 104//75 102//75 101//75
f 101//76 102//76 98//76 97//76
f 99//77 103//77 101//77 97//77
f 104//78 100//78 98//78 102//78
o Cubo.179_Cubo.006
v -1.712840 1.054046 0.395039
v -1.627546 1.054432 0.425783
v -1.779311 1.054049 0.579456
v -1.694017 1.054434 0.610199
v -1.715918 1.823592 0.393918
v -1.630624 1.823978 0.424662
v -1.782389 1.823595 0.578335
v -1.697095 1.823981 0.609078
vn 0.0040 -1.0000 0.0015
vn -0.3391 0.0000 0.9408
vn -0.0040 1.0000 -0.0015
vn 0.3391 -0.0000 -0.9408
vn -0.9407 -0.0043 -0.3391
vn 0.9407 0.0043 0.3391
usemtl Box
s off
f 105//79 106//79 108//79 107//79
f 107//80 108//80 112//80 111//80
f 111//81 112//81 110//81 109//81
f 109//82 110//82 106//82 105//82
f 107//83 111//83 109//83 105//83
f 112//84 108//84 106//84 110//84
o Cubo.178_Cubo.006
v -1.566347 1.054847 0.577535
v -1.597091 1.054848 0.662830
v -1.750761 1.054012 0.511065
v -1.781505 1.054014 0.596360
v -1.569426 1.824393 0.576414
v -1.600169 1.824395 0.661709
v -1.753839 1.823559 0.509944
v -1.784583 1.823560 0.595239
vn 0.0040 -1.0000 0.0015
vn -0.9407 -0.0043 -0.3391
vn -0.0040 1.0000 -0.0015
vn 0.9407 0.0043 0.3391
vn 0.3391 -0.0000 -0.9408
vn -0.3391 0.0000 0.9408
usemtl Box
s off
f 113//85 114//85 116//85 115//85
f 115//86 116//86 120//86 119//86
f 119//87 120//87 118//87 117//87
f 117//88 118//88 114//88 113//88
f 115//89 119//89 117//89 113//89
f 120//90 116//90 114//90 118//90
o Cubo.177_Cubo.006
v -1.520326 1.054412 0.113680
v -1.605518 1.054026 0.082655
v -1.453246 1.054412 -0.070516
v -1.538438 1.054026 -0.101541
v -1.523404 1.823958 0.112559
v -1.608596 1.823572 0.081534
v -1.456325 1.823958 -0.071637
v -1.541517 1.823572 -0.102662
vn 0.0040 -1.0000 0.0015
vn 0.3422 0.0000 -0.9396
vn -0.0040 1.0000 -0.0015
vn -0.3422 -0.0000 0.9396
vn 0.9396 0.0043 0.3422
vn -0.9396 -0.0043 -0.3422
usemtl Box
s off
f 121//91 122//91 124//91 123//91
f 123//92 124//92 128//92 127//92
f 127//93 128//93 126//93 125//93
f 125//94 126//94 122//94 121//94
f 123//95 127//95 125//95 121//95
f 128//96 124//96 122//96 126//96
o Cubo.176_Cubo.006
v -1.337348 1.054869 -0.032212
v -1.368373 1.054869 0.052981
v -1.521541 1.054034 -0.099291
v -1.552567 1.054034 -0.014097
v -1.340427 1.824416 -0.033333
v -1.371452 1.824416 0.051860
v -1.524620 1.823581 -0.100412
v -1.555645 1.823581 -0.015218
vn 0.0040 -1.0000 0.0015
vn -0.9396 -0.0043 -0.3422
vn -0.0040 1.0000 -0.0015
vn 0.9396 0.0043 0.3422
vn 0.3422 0.0000 -0.9396
vn -0.3422 -0.0000 0.9396
usemtl Box
s off
f 129//97 130//97 132//97 131//97
f 131//98 132//98 136//98 135//98
f 135//99 136//99 134//99 133//99
f 133//100 134//100 130//100 129//100
f 131//101 135//101 133//101 129//101
f 136//102 132//102 130//102 134//102
o Cubo.175_Cubo.006
v -1.331540 1.806342 -0.048162
v -1.331597 1.715675 -0.048004
v -1.515447 1.806341 -0.116025
v -1.515505 1.715674 -0.115867
v -1.597949 1.807768 0.673805
v -1.598006 1.717101 0.673963
v -1.781856 1.807766 0.605943
v -1.781914 1.717100 0.606101
vn 0.3462 -0.0019 -0.9382
vn -0.9382 -0.0000 -0.3462
vn -0.3462 0.0019 0.9382
vn 0.9382 0.0000 0.3462
vn 0.0006 1.0000 -0.0017
vn -0.0006 -1.0000 0.0017
usemtl Box
s off
f 137//103 138//103 140//103 139//103
f 139//104 140//104 144//104 143//104
f 143//105 144//105 142//105 141//105
f 141//106 142//106 138//106 137//106
f 139//107 143//107 141//107 137//107
f 144//108 140//108 138//108 142//108
o Cubo.174_Cubo.006
v -1.446153 1.606644 -0.089994
v -1.531213 1.606643 -0.121382
v -1.446029 1.802673 -0.090335
v -1.531089 1.802673 -0.121723
v -1.712562 1.608069 0.631973
v -1.797622 1.608069 0.600586
v -1.712437 1.804099 0.631632
v -1.797498 1.804098 0.600245
vn 0.3462 -0.0019 -0.9382
vn 0.0006 1.0000 -0.0017
vn -0.3462 0.0019 0.9382
vn -0.0006 -1.0000 0.0017
vn 0.9382 0.0000 0.3462
vn -0.9382 -0.0000 -0.3462
usemtl Box
s off
f 145//109 146//109 148//109 147//109
f 147//110 148//110 152//110 151//110
f 151//111 152//111 150//111 149//111
f 149//112 150//112 146//112 145//112
f 147//113 151//113 149//113 145//113
f 152//114 148//114 146//114 150//114
o Cubo.173_Cubo.006
v -1.338077 1.155045 -0.049282
v -1.337854 1.064379 -0.049020
v -1.521984 1.154396 -0.117143
v -1.521761 1.063730 -0.116882
v -1.604485 1.156471 0.672686
v -1.604262 1.065805 0.672947
v -1.788393 1.155822 0.604824
v -1.788169 1.065156 0.605086
vn 0.3462 -0.0019 -0.9382
vn -0.9382 -0.0033 -0.3462
vn -0.3462 0.0019 0.9382
vn 0.9382 0.0033 0.3462
vn -0.0025 1.0000 -0.0029
vn 0.0025 -1.0000 0.0029
usemtl Box
s off
f 153//115 154//115 156//115 155//115
f 155//116 156//116 160//116 159//116
f 159//117 160//117 158//117 157//117
f 157//118 158//118 154//118 153//118
f 155//119 159//119 157//119 153//119
f 160//120 156//120 154//120 158//120
o Cubo.172_Cubo.006
v -1.525743 1.276393 -0.118717
v -1.440683 1.276693 -0.087330
v -1.525260 1.080365 -0.118152
v -1.440200 1.080665 -0.086765
v -1.792152 1.277819 0.603250
v -1.707092 1.278119 0.634637
v -1.791669 1.081790 0.603816
v -1.706609 1.082090 0.635203
vn 0.3462 -0.0019 -0.9382
vn 0.0025 -1.0000 0.0029
vn -0.3462 0.0019 0.9382
vn -0.0025 1.0000 -0.0029
vn -0.9382 -0.0033 -0.3462
vn 0.9382 0.0033 0.3462
usemtl Box
s off
f 161//121 162//121 164//121 163//121
f 163//122 164//122 168//122 167//122
f 167//123 168//123 166//123 165//123
f 165//124 166//124 162//124 161//124
f 163//125 167//125 165//125 161//125
f 168//126 164//126 162//126 166//126
o Cubo.171_Cubo.006
v -0.603038 1.600949 0.217309
v -0.688359 1.601732 0.186647
v -0.601572 1.796971 0.218232
v -0.686893 1.797754 0.187571
v -0.863306 1.599484 0.941512
v -0.948627 1.600267 0.910851
v -0.861840 1.795506 0.942436
v -0.947161 1.796289 0.911774
vn 0.3382 0.0019 -0.9411
vn 0.0075 1.0000 0.0047
vn -0.3382 -0.0019 0.9411
vn -0.0075 -1.0000 -0.0047
vn 0.9410 -0.0086 0.3382
vn -0.9410 0.0086 -0.3382
usemtl Box
s off
f 169//127 170//127 172//127 171//127
f 171//128 172//128 176//128 175//128
f 175//129 176//129 174//129 173//129
f 173//130 174//130 170//130 169//130
f 171//131 175//131 173//131 169//131
f 176//132 172//132 170//132 174//132
o Cubo.170_Cubo.006
v -0.790031 1.724678 0.150302
v -0.789353 1.815341 0.150730
v -0.605560 1.722986 0.216595
v -0.604881 1.813649 0.217023
v -1.050300 1.723213 0.874506
v -1.049621 1.813876 0.874933
v -0.865828 1.721521 0.940799
v -0.865150 1.812184 0.941226
vn 0.3382 0.0019 -0.9411
vn 0.9410 -0.0086 0.3382
vn -0.3382 -0.0019 0.9411
vn -0.9410 0.0086 -0.3382
vn -0.0075 -1.0000 -0.0047
vn 0.0075 1.0000 0.0047
usemtl Box
s off
f 177//133 178//133 180//133 179//133
f 179//134 180//134 184//134 183//134
f 183//135 184//135 182//135 181//135
f 181//136 182//136 178//136 177//136
f 179//137 183//137 181//137 177//137
f 184//138 180//138 178//138 182//138
o Cubo.169_Cubo.006
v -0.686160 1.271732 0.186776
v -0.600842 1.270650 0.217436
v -0.688235 1.075717 0.185634
v -0.602917 1.074635 0.216294
v -0.946428 1.270267 0.910980
v -0.861110 1.269185 0.941640
v -0.948503 1.074252 0.909837
v -0.863185 1.073170 0.940497
vn 0.3382 0.0019 -0.9411
vn -0.0106 -0.9999 -0.0058
vn -0.3382 -0.0019 0.9411
vn 0.0106 0.9999 0.0058
vn -0.9410 0.0119 -0.3382
vn 0.9410 -0.0119 0.3382
usemtl Box
s off
f 185//139 186//139 188//139 187//139
f 187//140 188//140 192//140 191//140
f 191//141 192//141 190//141 189//141
f 189//142 190//142 186//142 185//142
f 187//143 191//143 189//143 185//143
f 192//144 188//144 186//144 190//144
o Cubo.168_Cubo.006
v -0.803065 1.073505 0.144295
v -0.802105 1.164166 0.144823
v -0.618600 1.071166 0.210584
v -0.617640 1.161826 0.211113
v -1.063333 1.072041 0.868499
v -1.062373 1.162701 0.869027
v -0.878868 1.069701 0.934788
v -0.877908 1.160361 0.935317
vn 0.3382 0.0019 -0.9411
vn 0.9410 -0.0119 0.3382
vn -0.3382 -0.0019 0.9411
vn -0.9410 0.0119 -0.3382
vn -0.0106 -0.9999 -0.0058
vn 0.0106 0.9999 0.0058
usemtl Box
s off
f 193//145 194//145 196//145 195//145
f 195//146 196//146 200//146 199//146
f 199//147 200//147 198//147 197//147
f 197//148 198//148 194//148 193//148
f 195//149 199//149 197//149 193//149
f 200//150 196//150 194//150 198//150
o Box.006_Cubo.005
v -1.644965 1.120242 1.530543
v -1.644965 1.765035 1.530543
v -1.044099 1.120242 1.296624
v -1.044099 1.765035 1.296624
v -1.411047 1.120242 2.131409
v -1.411047 1.765035 2.131409
v -0.810180 1.120242 1.897491
v -0.810180 1.765035 1.897491
vn -0.3628 0.0000 -0.9319
vn 0.9319 0.0000 -0.3628
vn 0.3628 0.0000 0.9319
vn -0.9319 0.0000 0.3628
vn 0.0000 -1.0000 -0.0000
vn 0.0000 1.0000 0.0000
usemtl Box
s off
f 201//151 202//151 204//151 203//151
f 203//152 204//152 208//152 207//152
f 207//153 208//153 206//153 205//153
f 205//154 206//154 202//154 201//154
f 203//155 207//155 205//155 201//155
f 208//156 204//156 202//156 206//156
o Cubo.167_Cubo.006
v -0.755850 1.073505 1.864765
v -0.755613 1.164166 1.865835
v -0.683962 1.071166 2.047122
v -0.683726 1.161826 2.048192
v -1.471787 1.072041 2.146978
v -1.471550 1.162701 2.148048
v -1.399899 1.069701 2.329335
v -1.399663 1.160361 2.330405
vn 0.9303 0.0019 -0.3667
vn 0.3667 -0.0119 0.9303
vn -0.9303 -0.0019 0.3667
vn -0.3667 0.0119 -0.9303
vn -0.0026 -0.9999 -0.0118
vn 0.0026 0.9999 0.0118
usemtl Box
s off
f 209//157 210//157 212//157 211//157
f 211//158 212//158 216//158 215//158
f 215//159 216//159 214//159 213//159
f 213//160 214//160 210//160 209//160
f 211//161 215//161 213//161 209//161
f 216//162 212//162 210//162 214//162
o Cubo.166_Cubo.006
v -0.710644 1.271732 1.980645
v -0.677395 1.270650 2.064987
v -0.711155 1.075717 1.978331
v -0.677906 1.074635 2.062674
v -1.426581 1.270267 2.262858
v -1.393332 1.269185 2.347201
v -1.427092 1.074252 2.260545
v -1.393843 1.073170 2.344887
vn 0.9303 0.0019 -0.3667
vn -0.0026 -0.9999 -0.0118
vn -0.9303 -0.0019 0.3667
vn 0.0026 0.9999 0.0118
vn -0.3667 0.0119 -0.9303
vn 0.3667 -0.0119 0.9303
usemtl Box
s off
f 217//163 218//163 220//163 219//163
f 219//164 220//164 224//164 223//164
f 223//165 224//165 222//165 221//165
f 221//166 222//166 218//166 217//166
f 219//167 223//167 221//167 217//167
f 224//168 220//168 218//168 222//168
o Cubo.165_Cubo.006
v -0.751765 1.724678 1.878524
v -0.751638 1.815341 1.879315
v -0.679876 1.722986 2.060887
v -0.679749 1.813649 2.061679
v -1.467702 1.723213 2.160737
v -1.467575 1.813876 2.161528
v -1.395813 1.721521 2.343100
v -1.395687 1.812184 2.343892
vn 0.9303 0.0019 -0.3667
vn 0.3667 -0.0086 0.9303
vn -0.9303 -0.0019 0.3667
vn -0.3667 0.0086 -0.9303
vn -0.0014 -1.0000 -0.0087
vn 0.0014 1.0000 0.0087
usemtl Box
s off
f 225//169 226//169 228//169 227//169
f 227//170 228//170 232//170 231//170
f 231//171 232//171 230//171 229//171
f 229//172 230//172 226//172 225//172
f 227//173 231//173 229//173 225//173
f 232//174 228//174 226//174 230//174
o Cubo.164_Cubo.006
v -0.678748 1.600949 2.063253
v -0.711998 1.601732 1.978907
v -0.678475 1.796971 2.064964
v -0.711724 1.797754 1.980618
v -1.394685 1.599484 2.345466
v -1.427935 1.600266 2.261120
v -1.394412 1.795506 2.347177
v -1.427661 1.796289 2.262831
vn 0.9303 0.0019 -0.3667
vn 0.0014 1.0000 0.0087
vn -0.9303 -0.0019 0.3667
vn -0.0014 -1.0000 -0.0087
vn 0.3667 -0.0086 0.9303
vn -0.3667 0.0086 -0.9303
usemtl Box
s off
f 233//175 234//175 236//175 235//175
f 235//176 236//176 240//176 239//176
f 239//177 240//177 238//177 237//177
f 237//178 238//178 234//178 233//178
f 235//179 239//179 237//179 233//179
f 240//180 236//180 234//180 238//180
o Cubo.163_Cubo.006
v -1.034994 1.276393 1.148164
v -1.002461 1.276693 1.232792
v -1.035100 1.080365 1.148900
v -1.002568 1.080665 1.233528
v -1.753302 1.277819 1.424288
v -1.720769 1.278119 1.508916
v -1.753408 1.081790 1.425024
v -1.720876 1.082090 1.509652
vn 0.9334 -0.0019 -0.3588
vn -0.0005 -1.0000 0.0038
vn -0.9334 0.0019 0.3588
vn 0.0005 1.0000 -0.0038
vn -0.3588 -0.0033 -0.9334
vn 0.3588 0.0033 0.9334
usemtl Box
s off
f 241//181 242//181 244//181 243//181
f 243//182 244//182 248//182 247//182
f 247//183 248//183 246//183 245//183
f 245//184 246//184 242//184 241//184
f 243//185 247//185 245//185 241//185
f 248//186 244//186 242//186 246//186
o Cubo.162_Cubo.006
v -0.963359 1.155045 1.335002
v -0.963408 1.064379 1.335342
v -1.033697 1.154396 1.152027
v -1.033746 1.063730 1.152368
v -1.681666 1.156471 1.611125
v -1.681716 1.065805 1.611466
v -1.752005 1.155822 1.428151
v -1.752054 1.065156 1.428491
vn 0.9334 -0.0019 -0.3588
vn -0.3588 -0.0033 -0.9334
vn -0.9334 0.0019 0.3588
vn 0.3588 0.0033 0.9334
vn 0.0005 1.0000 -0.0038
vn -0.0005 -1.0000 0.0038
usemtl Box
s off
f 249//187 250//187 252//187 251//187
f 251//188 252//188 256//188 255//188
f 255//189 256//189 254//189 253//189
f 253//190 254//190 250//190 249//190
f 251//191 255//191 253//191 249//191
f 256//192 252//192 250//192 254//192
o Cubo.161_Cubo.006
v -1.004068 1.606644 1.226925
v -1.036600 1.606643 1.142296
v -1.003730 1.802673 1.226793
v -1.036262 1.802673 1.142164
v -1.722376 1.608069 1.503048
v -1.754908 1.608069 1.418419
v -1.722038 1.804099 1.502916
v -1.754570 1.804098 1.418287
vn 0.9334 -0.0019 -0.3588
vn 0.0017 1.0000 -0.0007
vn -0.9334 0.0019 0.3588
vn -0.0017 -1.0000 0.0007
vn 0.3588 0.0000 0.9334
vn -0.3588 -0.0000 -0.9334
usemtl Box
s off
f 257//193 258//193 260//193 259//193
f 259//194 260//194 264//194 263//194
f 263//195 264//195 262//195 261//195
f 261//196 262//196 258//196 257//196
f 259//197 263//197 261//197 257//197
f 264//198 260//198 258//198 262//198
o Cubo.160_Cubo.006
v -0.959887 1.806342 1.340653
v -0.960044 1.715675 1.340714
v -1.030225 1.806340 1.157678
v -1.030381 1.715674 1.157738
v -1.678195 1.807768 1.616776
v -1.678352 1.717101 1.616837
v -1.748533 1.807766 1.433801
v -1.748689 1.717099 1.433862
vn 0.9334 -0.0019 -0.3588
vn -0.3588 -0.0000 -0.9334
vn -0.9334 0.0019 0.3588
vn 0.3588 0.0000 0.9334
vn 0.0017 1.0000 -0.0007
vn -0.0017 -1.0000 0.0007
usemtl Box
s off
f 265//199 266//199 268//199 267//199
f 267//200 268//200 272//200 271//200
f 271//201 272//201 270//201 269//201
f 269//202 270//202 266//202 265//202
f 267//203 271//203 269//203 265//203
f 272//204 268//204 266//204 270//204
o Cubo.159_Cubo.006
v -0.975705 1.054869 1.346811
v -1.060195 1.054869 1.379703
v -1.046820 1.054034 1.164138
v -1.131310 1.054034 1.197030
v -0.976894 1.824415 1.343758
v -1.061384 1.824415 1.376650
v -1.048009 1.823581 1.161085
v -1.132499 1.823581 1.193977
vn 0.0015 -1.0000 0.0040
vn -0.3628 -0.0043 -0.9319
vn -0.0015 1.0000 -0.0040
vn 0.3628 0.0043 0.9319
vn 0.9319 0.0000 -0.3628
vn -0.9319 0.0000 0.3628
usemtl Box
s off
f 273//205 274//205 276//205 275//205
f 275//206 276//206 280//206 279//206
f 279//207 280//207 278//207 277//207
f 277//208 278//208 274//208 273//208
f 275//209 279//209 277//209 273//209
f 280//210 276//210 274//210 278//210
o Cubo.158_Cubo.006
v -1.206061 1.054412 1.305561
v -1.238953 1.054026 1.221072
v -1.023386 1.054412 1.234445
v -1.056277 1.054026 1.149956
v -1.207250 1.823958 1.302508
v -1.240141 1.823572 1.218019
v -1.024574 1.823958 1.231392
v -1.057466 1.823572 1.146903
vn 0.0015 -1.0000 0.0040
vn 0.9319 0.0000 -0.3628
vn -0.0015 1.0000 -0.0040
vn -0.9319 -0.0000 0.3628
vn 0.3628 0.0043 0.9319
vn -0.3628 -0.0043 -0.9319
usemtl Box
s off
f 281//211 282//211 284//211 283//211
f 283//212 284//212 288//212 287//212
f 287//213 288//213 286//213 285//213
f 285//214 286//214 282//214 281//214
f 283//215 287//215 285//215 281//215
f 288//216 284//216 282//216 286//216
o Cubo.157_Cubo.006
v -1.585001 1.054847 1.577008
v -1.669382 1.054848 1.610180
v -1.656719 1.054012 1.394571
v -1.741100 1.054014 1.427742
v -1.586190 1.824393 1.573956
v -1.670570 1.824395 1.607127
v -1.657907 1.823559 1.391519
v -1.742288 1.823560 1.424690
vn 0.0015 -1.0000 0.0040
vn -0.3659 -0.0043 -0.9307
vn -0.0015 1.0000 -0.0040
vn 0.3659 0.0043 0.9307
vn 0.9307 -0.0000 -0.3659
vn -0.9307 0.0000 0.3659
usemtl Box
s off
f 289//217 290//217 292//217 291//217
f 291//218 292//218 296//218 295//218
f 295//219 296//219 294//219 293//219
f 293//220 294//220 290//220 289//220
f 291//221 295//221 293//221 289//221
f 296//222 292//222 290//222 294//222
o Cubo.156_Cubo.006
v -1.544509 1.054046 1.346520
v -1.511339 1.054432 1.430900
v -1.726949 1.054049 1.418239
v -1.693778 1.054434 1.502618
v -1.545698 1.823592 1.343467
v -1.512527 1.823978 1.427847
v -1.728137 1.823595 1.415186
v -1.694967 1.823981 1.499566
vn 0.0015 -1.0000 0.0040
vn -0.9307 0.0000 0.3659
vn -0.0015 1.0000 -0.0040
vn 0.9307 -0.0000 -0.3659
vn -0.3659 -0.0043 -0.9307
vn 0.3659 0.0043 0.9307
usemtl Box
s off
f 297//223 298//223 300//223 299//223
f 299//224 300//224 304//224 303//224
f 303//225 304//225 302//225 301//225
f 301//226 302//226 298//226 297//226
f 299//227 303//227 301//227 297//227
f 304//228 300//228 298//228 302//228
o Cubo.155_Cubo.006
v -1.193309 1.824250 2.248649
v -1.225921 1.823765 2.164052
v -1.376218 1.824247 2.319161
v -1.408830 1.823761 2.234565
v -1.191813 1.054708 2.252490
v -1.224426 1.054222 2.167893
v -1.374722 1.054704 2.323002
v -1.407335 1.054219 2.238405
vn -0.0019 1.0000 -0.0050
vn -0.9331 -0.0000 0.3597
vn 0.0019 -1.0000 0.0050
vn 0.9331 0.0000 -0.3597
vn 0.3597 0.0054 0.9331
vn -0.3597 -0.0054 -0.9331
usemtl Box
s off
f 305//229 306//229 308//229 307//229
f 307//230 308//230 312//230 311//230
f 311//231 312//231 310//231 309//231
f 309//232 310//232 306//232 305//232
f 307//233 311//233 309//233 305//233
f 312//234 308//234 306//234 310//234
o Cubo.154_Cubo.006
v -1.378983 1.823229 2.106208
v -1.463581 1.823228 2.138821
v -1.308472 1.824279 2.289114
v -1.393070 1.824278 2.321727
v -1.377487 1.053687 2.110049
v -1.462085 1.053685 2.142662
v -1.306976 1.054737 2.292955
v -1.391574 1.054735 2.325568
vn -0.0019 1.0000 -0.0050
vn 0.3597 0.0054 0.9331
vn 0.0019 -1.0000 0.0050
vn -0.3597 -0.0054 -0.9331
vn 0.9331 0.0000 -0.3597
vn -0.9331 -0.0000 0.3597
usemtl Box
s off
f 313//235 314//235 316//235 315//235
f 315//236 316//236 320//236 319//236
f 319//237 320//237 318//237 317//237
f 317//238 318//238 314//238 313//238
f 315//239 319//239 317//239 313//239
f 320//240 316//240 314//240 318//240
o Cubo.153_Cubo.006
v -1.050699 1.611263 1.154172
v -1.135189 1.611263 1.187065
v -1.050699 1.807293 1.154172
v -1.135189 1.807293 1.187065
v -0.715453 1.611263 2.015318
v -0.799943 1.611263 2.048210
v -0.715453 1.807293 2.015318
v -0.799943 1.807293 2.048210
vn -0.3628 0.0000 -0.9319
vn 0.0000 1.0000 -0.0000
vn 0.3628 0.0000 0.9319
vn 0.0000 -1.0000 -0.0000
vn 0.9319 0.0000 -0.3628
vn -0.9319 0.0000 0.3628
usemtl Box
s off
f 321//241 322//241 324//241 323//241
f 323//242 324//242 328//242 327//242
f 327//243 328//243 326//243 325//243
f 325//244 326//244 322//244 321//244
f 323//245 327//245 325//245 321//245
f 328//246 324//246 322//246 326//246
o Cubo.152_Cubo.006
v -0.916253 1.823792 2.049991
v -0.883361 1.824277 2.134480
v -0.733578 1.823792 1.978875
v -0.700686 1.824277 2.063364
v -0.914757 1.054249 2.053833
v -0.881866 1.054735 2.138321
v -0.732082 1.054249 1.982717
v -0.699191 1.054735 2.067205
vn -0.0019 1.0000 -0.0050
vn 0.9319 0.0000 -0.3628
vn 0.0019 -1.0000 0.0050
vn -0.9319 0.0000 0.3628
vn -0.3628 -0.0054 -0.9319
vn 0.3628 0.0054 0.9319
usemtl Box
s off
f 329//247 330//247 332//247 331//247
f 331//248 332//248 336//248 335//248
f 335//249 336//249 334//249 333//249
f 333//250 334//250 330//250 329//250
f 331//251 335//251 333//251 329//251
f 336//252 332//252 330//252 334//252
o Cubo.151_Cubo.006
v -0.774422 1.823200 1.863849
v -0.858912 1.823200 1.896741
v -0.703307 1.824250 2.046520
v -0.787797 1.824250 2.079413
v -0.772926 1.053658 1.867690
v -0.857416 1.053658 1.900582
v -0.701812 1.054708 2.050362
v -0.786302 1.054708 2.083254
vn -0.0019 1.0000 -0.0050
vn 0.3628 0.0054 0.9319
vn 0.0019 -1.0000 0.0050
vn -0.3628 -0.0054 -0.9319
vn 0.9319 0.0000 -0.3628
vn -0.9319 -0.0000 0.3628
usemtl Box
s off
f 337//253 338//253 340//253 339//253
f 339//254 340//254 344//254 343//254
f 343//255 344//255 342//255 341//255
f 341//256 342//256 338//256 337//256
f 339//257 343//257 341//257 337//257
f 344//258 340//258 338//258 342//258
o Cubo.150_Cubo.006
v -0.714960 1.250475 2.016585
v -0.799450 1.250475 2.049478
v -0.715702 1.054456 2.014678
v -0.800192 1.054456 2.047571
v -1.050188 1.260121 1.155487
v -1.134678 1.260121 1.188379
v -1.050930 1.064102 1.153580
v -1.135420 1.064102 1.186472
vn 0.3628 -0.0104 0.9318
vn -0.0038 -0.9999 -0.0097
vn -0.3628 0.0104 -0.9318
vn 0.0038 0.9999 0.0097
vn 0.9319 0.0000 -0.3628
vn -0.9319 -0.0000 0.3628
usemtl Box
s off
f 345//259 346//259 348//259 347//259
f 347//260 348//260 352//260 351//260
f 351//261 352//261 350//261 349//261
f 349//262 350//262 346//262 345//262
f 347//263 351//263 349//263 345//263
f 352//264 348//264 346//264 350//264
o Cubo.149_Cubo.006
v -0.901515 1.128472 2.087845
v -0.901859 1.037810 2.086963
v -0.718840 1.128472 2.016729
v -0.719183 1.037810 2.015847
v -1.236743 1.138118 1.226746
v -1.237086 1.047456 1.225864
v -1.054068 1.138118 1.155630
v -1.054411 1.047456 1.154748
vn 0.3628 -0.0104 0.9318
vn 0.9319 0.0000 -0.3628
vn -0.3628 0.0104 -0.9318
vn -0.9319 0.0000 0.3628
vn 0.0038 0.9999 0.0097
vn -0.0038 -0.9999 -0.0097
usemtl Box
s off
f 353//265 354//265 356//265 355//265
f 355//266 356//266 360//266 359//266
f 359//267 360//267 358//267 357//267
f 357//268 358//268 354//268 353//268
f 355//269 359//269 357//269 353//269
f 360//270 356//270 354//270 358//270
o Cubo.148_Cubo.006
v -1.321913 1.243950 2.252800
v -1.406402 1.244249 2.285695
v -1.323259 1.047932 2.251128
v -1.407747 1.048231 2.284023
v -1.657140 1.253596 1.391701
v -1.741629 1.253896 1.424596
v -1.658486 1.057578 1.390029
v -1.742975 1.057878 1.422924
vn 0.3628 -0.0104 0.9318
vn -0.0069 -0.9999 -0.0085
vn -0.3628 0.0104 -0.9318
vn 0.0069 0.9999 0.0085
vn 0.9319 -0.0033 -0.3628
vn -0.9319 0.0033 0.3628
usemtl Box
s off
f 361//271 362//271 364//271 363//271
f 363//272 364//272 368//272 367//272
f 367//273 368//273 366//273 365//273
f 365//274 366//274 362//274 361//274
f 363//275 367//275 365//275 361//275
f 368//276 364//276 362//276 366//276
o Cubo.147_Cubo.006
v -1.209588 1.043861 2.206830
v -1.208966 1.134523 2.207604
v -1.392260 1.044508 2.277952
v -1.391637 1.135170 2.278725
v -1.544815 1.053508 1.345731
v -1.544193 1.144169 1.346505
v -1.727487 1.054155 1.416853
v -1.726865 1.144816 1.417627
vn 0.3628 -0.0104 0.9318
vn -0.9319 0.0033 0.3628
vn -0.3628 0.0104 -0.9318
vn 0.9319 -0.0033 -0.3628
vn -0.0069 -0.9999 -0.0085
vn 0.0069 0.9999 0.0085
usemtl Box
s off
f 369//277 370//277 372//277 371//277
f 371//278 372//278 376//278 375//278
f 375//279 376//279 374//279 373//279
f 373//280 374//280 370//280 369//280
f 371//281 375//281 373//281 369//281
f 376//282 372//282 370//282 374//282
o Cubo.146_Cubo.006
v -1.544544 1.817888 1.346427
v -1.544266 1.727222 1.346319
v -1.727219 1.817241 1.417543
v -1.726940 1.726575 1.417434
v -1.209299 1.817888 2.207573
v -1.209020 1.727221 2.207464
v -1.391973 1.817240 2.278688
v -1.391694 1.726574 2.278580
vn -0.3628 0.0000 -0.9319
vn -0.9319 -0.0033 0.3628
vn 0.3628 0.0000 0.9319
vn 0.9319 0.0033 -0.3628
vn -0.0031 1.0000 0.0012
vn 0.0031 -1.0000 -0.0012
usemtl Box
s off
f 377//283 378//283 380//283 379//283
f 379//284 380//284 384//284 383//284
f 383//285 384//285 382//285 381//285
f 381//286 382//286 378//286 377//286
f 379//287 383//287 381//287 377//287
f 384//288 380//288 378//288 382//288
o Cubo.145_Cubo.006
v -1.657627 1.617789 1.390451
v -1.742117 1.617489 1.423343
v -1.658231 1.813817 1.390685
v -1.742720 1.813518 1.423577
v -1.322381 1.617788 2.251596
v -1.406871 1.617489 2.284488
v -1.322985 1.813817 2.251831
v -1.407474 1.813518 2.284723
vn -0.3628 0.0000 -0.9319
vn -0.0031 1.0000 0.0012
vn 0.3628 -0.0000 0.9319
vn 0.0031 -1.0000 -0.0012
vn 0.9319 0.0033 -0.3628
vn -0.9319 -0.0033 0.3628
usemtl Box
s off
f 385//289 386//289 388//289 387//289
f 387//290 388//290 392//290 391//290
f 391//291 392//291 390//291 389//291
f 389//292 390//292 386//292 385//292
f 387//293 391//293 389//293 385//293
f 392//294 388//294 386//294 390//294
o Cubo.144_Cubo.006
v -1.236793 1.733273 1.226619
v -1.236793 1.823940 1.226619
v -1.054117 1.733273 1.155503
v -1.054117 1.823940 1.155503
v -0.901547 1.733273 2.087765
v -0.901547 1.823940 2.087765
v -0.718871 1.733273 2.016649
v -0.718871 1.823940 2.016649
vn -0.3628 0.0000 -0.9319
vn 0.9319 0.0000 -0.3628
vn 0.3628 0.0000 0.9319
vn -0.9319 0.0000 0.3628
vn 0.0000 -1.0000 0.0000
vn 0.0000 1.0000 0.0000
usemtl Box
s off
f 393//295 394//295 396//295 395//295
f 395//296 396//296 400//296 399//296
f 399//297 400//297 398//297 397//297
f 397//298 398//298 394//298 393//298
f 395//299 399//299 397//299 393//299
f 400//300 396//300 394//300 398//300
o Box.005_Cubo.005
v -1.644189 0.332111 1.899246
v -1.644189 0.976904 1.899246
v -1.412802 0.332111 1.297400
v -1.412802 0.976904 1.297400
v -1.042344 0.332111 2.130633
v -1.042344 0.976904 2.130633
v -0.810956 0.332111 1.528788
v -0.810956 0.976904 1.528788
vn -0.9334 0.0000 -0.3589
vn 0.3589 0.0000 -0.9334
vn 0.9334 0.0000 0.3589
vn -0.3589 0.0000 0.9334
vn 0.0000 -1.0000 0.0000
vn 0.0000 1.0000 0.0000
usemtl Box
s off
f 401//301 402//301 404//301 403//301
f 403//302 404//302 408//302 407//302
f 407//303 408//303 406//303 405//303
f 405//304 406//304 402//304 401//304
f 403//305 407//305 405//305 401//305
f 408//306 404//306 402//306 406//306
o Cubo.143_Cubo.006
v -1.594267 0.945142 1.392805
v -1.594267 1.035809 1.392805
v -1.523920 0.945142 1.209832
v -1.523920 1.035809 1.209832
v -0.731717 0.945142 1.724423
v -0.731717 1.035809 1.724423
v -0.661371 0.945142 1.541450
v -0.661371 1.035809 1.541450
vn -0.9334 0.0000 -0.3589
vn 0.3589 0.0000 -0.9334
vn 0.9334 0.0000 0.3589
vn -0.3589 0.0000 0.9334
vn 0.0000 -1.0000 0.0000
vn 0.0000 1.0000 0.0000
usemtl Box
s off
f 409//307 410//307 412//307 411//307
f 411//308 412//308 416//308 415//308
f 415//309 416//309 414//309 413//309
f 413//310 414//310 410//310 409//310
f 411//311 415//311 413//311 409//311
f 416//312 412//312 410//312 414//312
o Cubo.142_Cubo.006
v -1.756326 0.829658 1.814325
v -1.788862 0.829358 1.898953
v -1.756558 1.025687 1.814930
v -1.789094 1.025387 1.899557
v -0.893777 0.829657 2.145944
v -0.926313 0.829358 2.230571
v -0.894009 1.025686 2.146548
v -0.926545 1.025387 2.231175
vn -0.9334 0.0000 -0.3589
vn -0.0012 1.0000 0.0031
vn 0.9334 -0.0000 0.3589
vn 0.0012 -1.0000 -0.0031
vn 0.3589 0.0033 -0.9334
vn -0.3589 -0.0033 0.9334
usemtl Box
s off
f 417//313 418//313 420//313 419//313
f 419//314 420//314 424//314 423//314
f 423//315 424//315 422//315 421//315
f 421//316 422//316 418//316 417//316
f 419//317 423//317 421//317 417//317
f 424//318 420//318 418//318 422//318
o Cubo.141_Cubo.006
v -1.712779 1.029757 1.701058
v -1.712672 0.939091 1.700779
v -1.783125 1.029110 1.884030
v -1.783018 0.938444 1.883751
v -0.850230 1.029757 2.032677
v -0.850122 0.939091 2.032398
v -0.920576 1.029109 2.215649
v -0.920468 0.938443 2.215369
vn -0.9334 -0.0000 -0.3589
vn -0.3589 -0.0033 0.9334
vn 0.9334 -0.0000 0.3589
vn 0.3589 0.0033 -0.9334
vn -0.0012 1.0000 0.0031
vn 0.0012 -1.0000 -0.0031
usemtl Box
s off
f 425//319 426//319 428//319 427//319
f 427//320 428//320 432//320 431//320
f 431//321 432//321 430//321 429//321
f 429//322 430//322 426//322 425//322
f 427//323 431//323 429//323 425//323
f 432//324 428//324 426//324 430//324
o Cubo.140_Cubo.006
v -0.850974 0.255730 2.032391
v -0.849983 0.346392 2.032451
v -0.921314 0.256378 2.215365
v -0.920323 0.347039 2.215425
v -1.713476 0.265377 1.700790
v -1.712485 0.356038 1.700851
v -1.783816 0.266024 1.883765
v -1.782825 0.356685 1.883825
vn 0.9333 -0.0104 0.3588
vn -0.3588 0.0033 0.9334
vn -0.9333 0.0104 -0.3588
vn 0.3588 -0.0033 -0.9334
vn -0.0109 -0.9999 -0.0007
vn 0.0109 0.9999 0.0007
usemtl Box
s off
f 433//325 434//325 436//325 435//325
f 435//326 436//326 440//326 439//326
f 439//327 440//327 438//327 437//327
f 437//328 438//328 434//328 433//328
f 435//329 439//329 437//329 433//329
f 440//330 436//330 434//330 438//330
o Cubo.139_Cubo.006
v -0.892571 0.455819 2.146408
v -0.925104 0.456118 2.231036
v -0.894713 0.259801 2.146277
v -0.927246 0.260100 2.230906
v -1.755073 0.465466 1.814807
v -1.787606 0.465765 1.899436
v -1.757215 0.269447 1.814677
v -1.789749 0.269747 1.899305
vn 0.9333 -0.0104 0.3588
vn -0.0109 -0.9999 -0.0007
vn -0.9333 0.0104 -0.3588
vn 0.0109 0.9999 0.0007
vn 0.3588 -0.0033 -0.9334
vn -0.3588 0.0033 0.9334
usemtl Box
s off
f 441//331 442//331 444//331 443//331
f 443//332 444//332 448//332 447//332
f 447//333 448//333 446//333 445//333
f 445//334 446//334 442//334 441//334
f 443//335 447//335 445//335 441//335
f 448//336 444//336 442//336 446//336
o Cubo.138_Cubo.006
v -0.731637 0.340341 1.724454
v -0.732520 0.249679 1.724115
v -0.661291 0.340341 1.541481
v -0.662174 0.249679 1.541142
v -1.594139 0.349987 1.392854
v -1.595023 0.259325 1.392514
v -1.523793 0.349987 1.209881
v -1.524676 0.259325 1.209541
vn 0.9333 -0.0104 0.3588
vn 0.3589 0.0000 -0.9334
vn -0.9333 0.0104 -0.3588
vn -0.3589 -0.0000 0.9334
vn 0.0097 0.9999 0.0037
vn -0.0097 -0.9999 -0.0037
usemtl Box
s off
f 449//337 450//337 452//337 451//337
f 451//338 452//338 456//338 455//338
f 455//339 456//339 454//339 453//339
f 453//340 454//340 450//340 449//340
f 451//341 455//341 453//341 449//341
f 456//342 452//342 450//342 454//342
o Cubo.137_Cubo.006
v -0.658786 0.462345 1.538515
v -0.691322 0.462344 1.623142
v -0.660696 0.266325 1.537781
v -0.693232 0.266325 1.622408
v -1.521288 0.471991 1.206914
v -1.553824 0.471991 1.291542
v -1.523198 0.275971 1.206180
v -1.555734 0.275971 1.290808
vn 0.9333 -0.0104 0.3588
vn -0.0097 -0.9999 -0.0037
vn -0.9333 0.0104 -0.3588
vn 0.0097 0.9999 0.0037
vn 0.3589 0.0000 -0.9334
vn -0.3589 0.0000 0.9334
usemtl Box
s off
f 457//343 458//343 460//343 459//343
f 459//344 460//344 464//344 463//344
f 463//345 464//345 462//345 461//345
f 461//346 462//346 458//346 457//346
f 459//347 463//347 461//347 457//347
f 464//348 460//348 458//348 462//348
o Cubo.136_Cubo.006
v -0.811772 1.035069 1.479698
v -0.844308 1.035069 1.564326
v -0.628802 1.036119 1.550043
v -0.661339 1.036119 1.634671
v -0.807924 0.265527 1.481177
v -0.840461 0.265527 1.565805
v -0.624955 0.266577 1.551522
v -0.657491 0.266577 1.636150
vn -0.0050 1.0000 -0.0019
vn 0.9334 0.0054 0.3589
vn 0.0050 -1.0000 0.0019
vn -0.9334 -0.0054 -0.3589
vn 0.3589 0.0000 -0.9334
vn -0.3589 -0.0000 0.9334
usemtl Box
s off
f 465//349 466//349 468//349 467//349
f 467//350 468//350 472//350 471//350
f 471//351 472//351 470//351 469//351
f 469//352 470//352 466//352 465//352
f 467//353 471//353 469//353 465//353
f 472//354 468//354 466//354 470//354
o Cubo.135_Cubo.006
v -0.769553 1.035661 1.709878
v -0.684927 1.036146 1.742414
v -0.699207 1.035661 1.526905
v -0.614581 1.036146 1.559441
v -0.765706 0.266118 1.711357
v -0.681080 0.266604 1.743893
v -0.695359 0.266118 1.528384
v -0.610733 0.266604 1.560920
vn -0.0050 1.0000 -0.0019
vn 0.3589 0.0000 -0.9334
vn 0.0050 -1.0000 0.0019
vn -0.3589 -0.0000 0.9334
vn -0.9334 -0.0054 -0.3589
vn 0.9334 0.0054 0.3589
usemtl Box
s off
f 473//355 474//355 476//355 475//355
f 475//356 476//356 480//356 479//356
f 479//357 480//357 478//357 477//357
f 477//358 478//358 474//358 473//358
f 475//359 479//359 477//359 473//359
f 480//360 476//360 474//360 478//360
o Cubo.134_Cubo.006
v -1.522604 0.823132 1.206408
v -1.555140 0.823132 1.291036
v -1.522604 1.019162 1.206408
v -1.555140 1.019162 1.291036
v -0.660055 0.823132 1.538027
v -0.692591 0.823132 1.622655
v -0.660055 1.019162 1.538027
v -0.692591 1.019162 1.622655
vn -0.9334 0.0000 -0.3589
vn 0.0000 1.0000 0.0000
vn 0.9334 0.0000 0.3589
vn 0.0000 -1.0000 -0.0000
vn 0.3589 0.0000 -0.9334
vn -0.3589 0.0000 0.9334
usemtl Box
s off
f 481//361 482//361 484//361 483//361
f 483//362 484//362 488//362 487//362
f 487//363 488//363 486//363 485//363
f 485//364 486//364 482//364 481//364
f 483//365 487//365 485//365 481//365
f 488//366 484//366 482//366 486//366
o Cubo.133_Cubo.006
v -1.039403 1.035098 2.089957
v -1.072219 1.035097 2.174477
v -0.856667 1.036148 2.160906
v -0.889482 1.036147 2.245426
v -1.035556 0.265556 2.091436
v -1.068371 0.265554 2.175956
v -0.852819 0.266606 2.162385
v -0.885635 0.266604 2.246905
vn -0.0050 1.0000 -0.0019
vn 0.9322 0.0054 0.3619
vn 0.0050 -1.0000 0.0019
vn -0.9322 -0.0054 -0.3619
vn 0.3619 0.0000 -0.9322
vn -0.3619 -0.0000 0.9322
usemtl Box
s off
f 489//367 490//367 492//367 491//367
f 491//368 492//368 496//368 495//368
